usd=1
eur=0.92575
gbp=0.80143
aud=1.31141
pln=3.94342